[gd_scene load_steps=4 format=3]

[ext_resource type="Material" path="res://assets/materials/dark_metal.tres" id="1"]

[sub_resource type="BoxMesh" id="BoxMesh_frame"]
size = Vector3(0.9, 0.6, 0.06)

[sub_resource type="BoxMesh" id="BoxMesh_slat"]
size = Vector3(0.8, 0.05, 0.03)

[node name="Vent" type="Node3D"]
editor_description = "Ventilation grate (Samprity dressing prop). Decorative only, no collision — mount flush on a wall."

[node name="Frame" type="MeshInstance3D" parent="."]
mesh = SubResource("BoxMesh_frame")
surface_material_override/0 = ExtResource("1")

[node name="Slat1" type="MeshInstance3D" parent="."]
transform = Transform3D(1, 0, 0, 0, 0.9397, -0.342, 0, 0.342, 0.9397, 0, 0.18, 0.03)
mesh = SubResource("BoxMesh_slat")
surface_material_override/0 = ExtResource("1")

[node name="Slat2" type="MeshInstance3D" parent="."]
transform = Transform3D(1, 0, 0, 0, 0.9397, -0.342, 0, 0.342, 0.9397, 0, 0.06, 0.03)
mesh = SubResource("BoxMesh_slat")
surface_material_override/0 = ExtResource("1")

[node name="Slat3" type="MeshInstance3D" parent="."]
transform = Transform3D(1, 0, 0, 0, 0.9397, -0.342, 0, 0.342, 0.9397, 0, -0.06, 0.03)
mesh = SubResource("BoxMesh_slat")
surface_material_override/0 = ExtResource("1")

[node name="Slat4" type="MeshInstance3D" parent="."]
transform = Transform3D(1, 0, 0, 0, 0.9397, -0.342, 0, 0.342, 0.9397, 0, -0.18, 0.03)
mesh = SubResource("BoxMesh_slat")
surface_material_override/0 = ExtResource("1")
